%YAML:1.0
---
R: !!opencv-matrix
   rows: 3
   cols: 3
   dt: d
   data: [ 9.9993559124481701e-01, 2.2564710255059198e-04,
       -1.1347354108482586e-02, -9.0200036329009812e-05,
       9.9992876483402060e-01, 1.1935540266923750e-02,
       1.1349238997907849e-02, -1.1933747981879897e-02,
       9.9986438102038289e-01 ]
T: !!opencv-matrix
   rows: 3
   cols: 1
   dt: d
   data: [ 1.1987368558330876e+02, 1.0122059051935106e+00,
       1.0173067896264314e+00 ]
F: !!opencv-matrix
   rows: 3
   cols: 3
   dt: d
   data: [ 1.3545412671429257e-08, -1.2064869243290234e-06,
       8.2010904773424263e-04, -4.0249005627949291e-07,
       1.6811595122322090e-06, -6.7219782826321586e-02,
       -4.8089148468130827e-04, 6.6846542473815371e-02,
       9.9999999999999989e-01 ]
