%YAML:1.0
---
R: !!opencv-matrix
   rows: 3
   cols: 3
   dt: d
   data: [ 9.9967271045048756e-01, 5.7795295116627547e-04,
       2.5576120717614309e-02, -4.7482377494398179e-04,
       9.9999173397376107e-01, -4.0381340410355800e-03,
       -2.5578243156215590e-02, 4.0246682517768584e-03,
       9.9966472155543462e-01 ]
T: !!opencv-matrix
   rows: 3
   cols: 1
   dt: d
   data: [ 7.0235126419767937e+01, 5.7157304224448580e-01,
       -1.9172990899403071e+00 ]
F: !!opencv-matrix
   rows: 3
   cols: 3
   dt: d
   data: [ -1.5033190195671285e-07, 1.8559772335841748e-05,
       -1.8640997252854796e-03, -1.1619253935693348e-06,
       -2.7404378326760463e-06, -3.2296600481668541e-01,
       -2.4591145664452636e-03, 3.1851973007513179e-01, 1. ]
