[Transform]
Xoff_cm=3.454574
Yoff_cm=-17.970691
Zoff_cm=-0.249293
Xrot_deg=-0.599388
Yrot_deg=-1.629244
Zrot_deg=-0.041225
