[Transform]
Xoff_cm=5.989095
Yoff_cm=-10.426667
Zoff_cm=-0.206629
Xrot_deg=0.076555
Yrot_deg=-0.139355
Zrot_deg=-0.042855
