%YAML:1.0
---
M1: !!opencv-matrix
   rows: 3
   cols: 3
   dt: d
   data: [ 4.7695446419268558e+02, 0., 3.0892369251633471e+02, 0.,
       4.7751282375361120e+02, 2.4314992297264604e+02, 0., 0., 1. ]
D1: !!opencv-matrix
   rows: 1
   cols: 5
   dt: d
   data: [ 1.2298090483256938e-01, -1.8288759309797514e-01,
       3.3125005900121120e-04, -1.0274556519236110e-03,
       8.7968399510301387e-02 ]
M2: !!opencv-matrix
   rows: 3
   cols: 3
   dt: d
   data: [ 4.7659470527373418e+02, 0., 3.1200925469432229e+02, 0.,
       4.7717586974895278e+02, 2.4431687574483257e+02, 0., 0., 1. ]
D2: !!opencv-matrix
   rows: 1
   cols: 5
   dt: d
   data: [ 1.1855212466120736e-01, -1.7101022469578189e-01,
       1.6977086261185290e-03, -8.5448931676470957e-04,
       8.0424312244304588e-02 ]
