%YAML:1.0
---
M1: !!opencv-matrix
   rows: 3
   cols: 3
   dt: d
   data: [ 4.7647630150417916e+02, 0., 3.1659286813045094e+02, 0.,
       4.7551896396977395e+02, 2.2136131353539611e+02, 0., 0., 1. ]
D1: !!opencv-matrix
   rows: 1
   cols: 5
   dt: d
   data: [ 1.3821425018840822e-01, -2.4320648345673040e-01,
       7.3785641575126876e-04, 8.1591926133029661e-04,
       1.5293220208635494e-01 ]
M2: !!opencv-matrix
   rows: 3
   cols: 3
   dt: d
   data: [ 4.7561734432220271e+02, 0., 3.4118396863573207e+02, 0.,
       4.7445389698949583e+02, 2.3072486243089955e+02, 0., 0., 1. ]
D2: !!opencv-matrix
   rows: 1
   cols: 5
   dt: d
   data: [ 1.4649141535152849e-01, -2.7123020364898709e-01,
       -2.7558583561857835e-03, 1.2163658678045752e-03,
       1.9426258188732259e-01 ]
